2.999999999999999889e-02
1.407718456308739974e+01
1.606078784243149826e+01
9.790041991601679428e+00
2.041191761647669978e+01
1.606078784243149826e+01
1.606078784243149826e+01
1.606078784243149826e+01
1.606078784243149826e+01
1.561287742451509963e+01
6.910617876424719697e+00
1.606078784243149826e+01
9.790041991601679428e+00
1.561287742451509963e+01
1.394921015796840003e+01
1.394921015796840003e+01
1.606078784243149826e+01
1.394921015796840003e+01
1.561287742451509963e+01
1.420515896820639945e+01
1.606078784243149826e+01
7.806438712257549817e+00
2.041191761647669978e+01
1.606078784243149826e+01
1.394921015796840003e+01
1.606078784243149826e+01
1.606078784243149826e+01
2.041191761647669978e+01
1.420515896820639945e+01
1.055788842231550007e+01
1.222155568886219967e+01
7.806438712257549817e+00
2.533893221355729963e+01
1.330933813237349916e+01
2.041191761647669978e+01
1.855628874225149971e+01
1.222155568886219967e+01
1.407718456308739974e+01
7.294541091781639786e+00
1.407718456308739974e+01
2.041191761647669978e+01
1.798040391921620085e+01
1.798040391921620085e+01
1.407718456308739974e+01
2.533893221355729963e+01
1.420515896820639945e+01
1.132573485302940064e+01
1.798040391921620085e+01
1.087782443511300023e+01
6.910617876424719697e+00
9.662067586482699255e+00
2.188362327534489893e+01
1.298940211957610025e+01
2.041191761647669978e+01
8.062387522495500392e+00
1.209358128374319996e+01
1.055788842231550007e+01
2.533893221355729963e+01
1.055788842231550007e+01
2.533893221355729963e+01
1.055788842231550007e+01
1.222155568886219967e+01
4.415116976604680055e+00
9.790041991601679428e+00
1.407718456308739974e+01
1.055788842231550007e+01
8.382323535292940164e+00
2.188362327534489893e+01
1.209358128374319996e+01
1.407718456308739974e+01
6.654669066186760240e+00
1.023795240951809937e+01
2.041191761647669978e+01
9.278144371125769396e+00
1.330933813237349916e+01
1.855628874225149971e+01
1.055788842231550007e+01
6.910617876424719697e+00
4.415116976604680055e+00
2.533893221355729963e+01
4.415116976604680055e+00
1.298940211957610025e+01
1.177364527094579927e+01
1.298940211957610025e+01
1.394921015796840003e+01
1.330933813237349916e+01
2.533893221355729963e+01
1.772445510897820142e+01
8.382323535292940164e+00
2.815436912617479859e+00
1.298940211957610025e+01
1.055788842231550007e+01
1.055788842231550007e+01
1.055788842231550007e+01
2.815436912617479859e+00
6.654669066186760240e+00
3.903219356128770023e+00
1.298940211957610025e+01
1.330933813237349916e+01
2.041191761647669978e+01
9.790041991601679428e+00
4.415116976604680055e+00
2.041191761647669978e+01
1.055788842231550007e+01
1.330933813237349916e+01
4.415116976604680055e+00
1.606078784243149826e+01
1.298940211957610025e+01
1.126174765046989990e+01
2.041191761647669978e+01
2.188362327534489893e+01
7.806438712257549817e+00
1.298940211957610025e+01
4.415116976604680055e+00
1.855628874225149971e+01
1.055788842231550007e+01
1.298940211957610025e+01
8.382323535292940164e+00
8.446310737852430250e+00
1.855628874225149971e+01
7.294541091781639786e+00
1.798040391921620085e+01
1.209358128374319996e+01
7.294541091781639786e+00
7.806438712257549817e+00
1.855628874225149971e+01
1.394921015796840003e+01
1.055788842231550007e+01
6.910617876424719697e+00
1.798040391921620085e+01
1.798040391921620085e+01
8.382323535292940164e+00
9.278144371125769396e+00
1.407718456308739974e+01
7.870425914817039903e+00
1.394921015796840003e+01
8.382323535292940164e+00
2.815436912617479859e+00
2.533893221355729963e+01
2.533893221355729963e+01
1.394921015796840003e+01
1.055788842231550007e+01
8.062387522495500392e+00
1.254149170165969984e+01
1.798040391921620085e+01
9.790041991601679428e+00
9.662067586482699255e+00
9.278144371125769396e+00
7.870425914817039903e+00
9.278144371125769396e+00
6.654669066186760240e+00
1.055788842231550007e+01
1.798040391921620085e+01
1.087782443511300023e+01
1.298940211957610025e+01
4.415116976604680055e+00
1.132573485302940064e+01
1.222155568886219967e+01
1.055788842231550007e+01
1.081383723255349949e+01
1.798040391921620085e+01
1.407718456308739974e+01
2.188362327534489893e+01
1.561287742451509963e+01
2.041191761647669978e+01
3.903219356128770023e+00
2.041191761647669978e+01
6.910617876424719697e+00
8.446310737852430250e+00
1.855628874225149971e+01
1.119776044791039915e+01
1.087782443511300023e+01
8.382323535292940164e+00
1.855628874225149971e+01
1.407718456308739974e+01
1.407718456308739974e+01
9.790041991601679428e+00
1.266946610677860008e+01
1.010997800439909966e+01
1.606078784243149826e+01
1.055788842231550007e+01
1.055788842231550007e+01
2.533893221355729963e+01
7.678464307138569644e+00
1.420515896820639945e+01
9.790041991601679428e+00
1.209358128374319996e+01
9.662067586482699255e+00
1.407718456308739974e+01
4.735052989402119827e+00
2.533893221355729963e+01
2.041191761647669978e+01
9.278144371125769396e+00
1.606078784243149826e+01
1.055788842231550007e+01
1.055788842231550007e+01
1.394921015796840003e+01
9.790041991601679428e+00
2.041191761647669978e+01
1.394921015796840003e+01
1.606078784243149826e+01
1.606078784243149826e+01
1.394921015796840003e+01
2.041191761647669978e+01
7.870425914817039903e+00
7.870425914817039903e+00
1.394921015796840003e+01
9.790041991601679428e+00
1.561287742451509963e+01
1.606078784243149826e+01
1.394921015796840003e+01
1.394921015796840003e+01
1.606078784243149826e+01
2.041191761647669978e+01
1.420515896820639945e+01
2.188362327534489893e+01
2.188362327534489893e+01
1.420515896820639945e+01
1.606078784243149826e+01
9.790041991601679428e+00
2.041191761647669978e+01
1.606078784243149826e+01
1.606078784243149826e+01
1.606078784243149826e+01
1.606078784243149826e+01
2.041191761647669978e+01
2.188362327534489893e+01
2.188362327534489893e+01
1.606078784243149826e+01
9.790041991601679428e+00
1.561287742451509963e+01
1.394921015796840003e+01
1.606078784243149826e+01
1.394921015796840003e+01
1.394921015796840003e+01
1.561287742451509963e+01
1.055788842231550007e+01
1.055788842231550007e+01
1.055788842231550007e+01
6.974605078984200013e+00
2.533893221355729963e+01
1.132573485302940064e+01
6.782643471305740412e+00
2.815436912617479859e+00
1.298940211957610025e+01
1.798040391921620085e+01
1.209358128374319996e+01
1.209358128374319996e+01
9.790041991601679428e+00
7.806438712257549817e+00
7.806438712257549817e+00
2.041191761647669978e+01
1.561287742451509963e+01
1.209358128374319996e+01
1.798040391921620085e+01
1.055788842231550007e+01
1.222155568886219967e+01
1.330933813237349916e+01
2.041191761647669978e+01
1.407718456308739974e+01
4.415116976604680055e+00
1.420515896820639945e+01
1.023795240951809937e+01
6.974605078984200013e+00
1.772445510897820142e+01
9.278144371125769396e+00
1.606078784243149826e+01
9.662067586482699255e+00
6.654669066186760240e+00
2.533893221355729963e+01
2.533893221355729963e+01
7.294541091781639786e+00
1.254149170165969984e+01
1.855628874225149971e+01
1.855628874225149971e+01
7.806438712257549817e+00
1.606078784243149826e+01
1.087782443511300023e+01
2.533893221355729963e+01
1.407718456308739974e+01
1.298940211957610025e+01
9.278144371125769396e+00
1.798040391921620085e+01
7.870425914817039903e+00
7.806438712257549817e+00
1.855628874225149971e+01
6.974605078984200013e+00
1.772445510897820142e+01
1.798040391921620085e+01
1.772445510897820142e+01
2.041191761647669978e+01
1.298940211957610025e+01
4.735052989402119827e+00
1.055788842231550007e+01
2.533893221355729963e+01
1.055788842231550007e+01
1.420515896820639945e+01
6.910617876424719697e+00
1.055788842231550007e+01
1.420515896820639945e+01
1.394921015796840003e+01
9.790041991601679428e+00
1.561287742451509963e+01
1.606078784243149826e+01
1.394921015796840003e+01
1.394921015796840003e+01
1.606078784243149826e+01
2.041191761647669978e+01
6.910617876424719697e+00
1.606078784243149826e+01
7.806438712257549817e+00
1.561287742451509963e+01
1.606078784243149826e+01
1.606078784243149826e+01
1.394921015796840003e+01
1.606078784243149826e+01
1.561287742451509963e+01
1.055788842231550007e+01
1.394921015796840003e+01
9.790041991601679428e+00
2.041191761647669978e+01
1.394921015796840003e+01
1.394921015796840003e+01
1.394921015796840003e+01
1.394921015796840003e+01
2.041191761647669978e+01
1.055788842231550007e+01
1.420515896820639945e+01
6.910617876424719697e+00
1.055788842231550007e+01
7.806438712257549817e+00
6.910617876424719697e+00
1.055788842231550007e+01
1.055788842231550007e+01
6.910617876424719697e+00
7.806438712257549817e+00
2.533893221355729963e+01
2.188362327534489893e+01
1.394921015796840003e+01
1.394921015796840003e+01
1.394921015796840003e+01
1.330933813237349916e+01
1.772445510897820142e+01
4.735052989402119827e+00
1.254149170165969984e+01
9.278144371125769396e+00
9.278144371125769396e+00
1.606078784243149826e+01
1.222155568886219967e+01
1.420515896820639945e+01
1.132573485302940064e+01
1.420515896820639945e+01
1.407718456308739974e+01
8.062387522495500392e+00
2.041191761647669978e+01
1.772445510897820142e+01
1.420515896820639945e+01
1.298940211957610025e+01
4.735052989402119827e+00
1.420515896820639945e+01
1.606078784243149826e+01
1.394921015796840003e+01
1.772445510897820142e+01
1.266946610677860008e+01
7.294541091781639786e+00
1.772445510897820142e+01
9.278144371125769396e+00
1.298940211957610025e+01
1.266946610677860008e+01
1.132573485302940064e+01
1.330933813237349916e+01
1.798040391921620085e+01
1.055788842231550007e+01
6.654669066186760240e+00
1.266946610677860008e+01
7.678464307138569644e+00
9.662067586482699255e+00
2.188362327534489893e+01
1.420515896820639945e+01
1.798040391921620085e+01
1.407718456308739974e+01
1.798040391921620085e+01
1.420515896820639945e+01
1.407718456308739974e+01
6.910617876424719697e+00
2.188362327534489893e+01
2.041191761647669978e+01
1.394921015796840003e+01
1.132573485302940064e+01
7.806438712257549817e+00
1.798040391921620085e+01
1.420515896820639945e+01
1.606078784243149826e+01
2.533893221355729963e+01
1.772445510897820142e+01
2.188362327534489893e+01
1.247750449910020087e+01
2.041191761647669978e+01
7.806438712257549817e+00
1.420515896820639945e+01
1.330933813237349916e+01
1.254149170165969984e+01
1.209358128374319996e+01
2.533893221355729963e+01
2.041191761647669978e+01
9.790041991601679428e+00
1.266946610677860008e+01
1.330933813237349916e+01
2.533893221355729963e+01
9.662067586482699255e+00
1.420515896820639945e+01
1.330933813237349916e+01
9.278144371125769396e+00
1.209358128374319996e+01
1.222155568886219967e+01
8.446310737852430250e+00
1.606078784243149826e+01
1.606078784243149826e+01
1.407718456308739974e+01
2.533893221355729963e+01
1.561287742451509963e+01
1.330933813237349916e+01
8.446310737852430250e+00
9.662067586482699255e+00
9.662067586482699255e+00
1.209358128374319996e+01
1.298940211957610025e+01
9.790041991601679428e+00
1.087782443511300023e+01
2.533893221355729963e+01
2.533893221355729963e+01
2.879424115176960175e+00
1.798040391921620085e+01
1.177364527094579927e+01
1.266946610677860008e+01
2.533893221355729963e+01
2.533893221355729963e+01
9.662067586482699255e+00
1.266946610677860008e+01
1.798040391921620085e+01
2.533893221355729963e+01
2.533893221355729963e+01
1.209358128374319996e+01
2.533893221355729963e+01
1.772445510897820142e+01
1.266946610677860008e+01
2.533893221355729963e+01
1.222155568886219967e+01
1.266946610677860008e+01
2.041191761647669978e+01
1.772445510897820142e+01
1.222155568886219967e+01
6.654669066186760240e+00
2.533893221355729963e+01
2.041191761647669978e+01
1.407718456308739974e+01
1.209358128374319996e+01
2.188362327534489893e+01
1.330933813237349916e+01
1.407718456308739974e+01
1.126174765046989990e+01
2.533893221355729963e+01
1.209358128374319996e+01
1.298940211957610025e+01
1.222155568886219967e+01
1.209358128374319996e+01
1.081383723255349949e+01
1.772445510897820142e+01
1.407718456308739974e+01
9.790041991601679428e+00
7.038592281543690099e+00
1.177364527094579927e+01
1.330933813237349916e+01
2.188362327534489893e+01
1.177364527094579927e+01
1.798040391921620085e+01
4.607078584283139655e+00
1.132573485302940064e+01
2.533893221355729963e+01
9.790041991601679428e+00
1.772445510897820142e+01
9.726054789042189341e+00
1.420515896820639945e+01
2.879424115176960175e+00
1.209358128374319996e+01
8.382323535292940164e+00
1.420515896820639945e+01
1.330933813237349916e+01
1.798040391921620085e+01
1.407718456308739974e+01
1.606078784243149826e+01
1.132573485302940064e+01
6.910617876424719697e+00
1.606078784243149826e+01
1.055788842231550007e+01
9.278144371125769396e+00
1.209358128374319996e+01
9.662067586482699255e+00
8.382323535292940164e+00
1.798040391921620085e+01
1.266946610677860008e+01
1.330933813237349916e+01
9.790041991601679428e+00
2.533893221355729963e+01
1.055788842231550007e+01
7.806438712257549817e+00
1.772445510897820142e+01
1.254149170165969984e+01
1.266946610677860008e+01
6.974605078984200013e+00
1.772445510897820142e+01
1.330933813237349916e+01
2.533893221355729963e+01
2.879424115176960175e+00
2.533893221355729963e+01
1.606078784243149826e+01
2.533893221355729963e+01
1.177364527094579927e+01
1.420515896820639945e+01
7.294541091781639786e+00
1.606078784243149826e+01
2.533893221355729963e+01
8.382323535292940164e+00
1.606078784243149826e+01
9.790041991601679428e+00
1.254149170165969984e+01
1.407718456308739974e+01
2.041191761647669978e+01
1.330933813237349916e+01
1.254149170165969984e+01
1.209358128374319996e+01
2.533893221355729963e+01
6.654669066186760240e+00
1.420515896820639945e+01
9.790041991601679428e+00
1.247750449910020087e+01
1.298940211957610025e+01
1.209358128374319996e+01
1.209358128374319996e+01
3.903219356128770023e+00
1.772445510897820142e+01
2.533893221355729963e+01
7.294541091781639786e+00
1.855628874225149971e+01
1.330933813237349916e+01
1.798040391921620085e+01
2.879424115176960175e+00
1.606078784243149826e+01
1.023795240951809937e+01
2.041191761647669978e+01
2.533893221355729963e+01
2.041191761647669978e+01
2.533893221355729963e+01
8.062387522495500392e+00
9.790041991601679428e+00
9.278144371125769396e+00
1.772445510897820142e+01
2.533893221355729963e+01
1.606078784243149826e+01
1.298940211957610025e+01
2.533893221355729963e+01
7.870425914817039903e+00
2.533893221355729963e+01
1.407718456308739974e+01
1.772445510897820142e+01
3.903219356128770023e+00
1.177364527094579927e+01
1.177364527094579927e+01
1.132573485302940064e+01
1.247750449910020087e+01
1.132573485302940064e+01
1.132573485302940064e+01
2.533893221355729963e+01
2.533893221355729963e+01
2.041191761647669978e+01
1.247750449910020087e+01
9.790041991601679428e+00
2.533893221355729963e+01
2.533893221355729963e+01
1.119776044791039915e+01
1.606078784243149826e+01
1.420515896820639945e+01
2.188362327534489893e+01
9.278144371125769396e+00
1.330933813237349916e+01
1.209358128374319996e+01
1.023795240951809937e+01
1.420515896820639945e+01
1.087782443511300023e+01
2.533893221355729963e+01
7.294541091781639786e+00
1.298940211957610025e+01
6.654669066186760240e+00
8.062387522495500392e+00
1.119776044791039915e+01
2.533893221355729963e+01
1.010997800439909966e+01
1.254149170165969984e+01
1.298940211957610025e+01
2.188362327534489893e+01
1.119776044791039915e+01
1.132573485302940064e+01
1.298940211957610025e+01
2.533893221355729963e+01
1.420515896820639945e+01
1.407718456308739974e+01
2.533893221355729963e+01
1.132573485302940064e+01
6.782643471305740412e+00
1.420515896820639945e+01
1.330933813237349916e+01
9.662067586482699255e+00
1.855628874225149971e+01
8.382323535292940164e+00
1.209358128374319996e+01
1.298940211957610025e+01
1.222155568886219967e+01
1.132573485302940064e+01
1.330933813237349916e+01
1.407718456308739974e+01
2.041191761647669978e+01
6.782643471305740412e+00
1.606078784243149826e+01
1.798040391921620085e+01
1.606078784243149826e+01
1.330933813237349916e+01
6.654669066186760240e+00
1.561287742451509963e+01
1.606078784243149826e+01
2.533893221355729963e+01
9.790041991601679428e+00
1.772445510897820142e+01
1.222155568886219967e+01
9.662067586482699255e+00
1.798040391921620085e+01
2.533893221355729963e+01
9.726054789042189341e+00
1.420515896820639945e+01
1.420515896820639945e+01
1.209358128374319996e+01
1.209358128374319996e+01
1.407718456308739974e+01
9.790041991601679428e+00
1.119776044791039915e+01
1.420515896820639945e+01
1.023795240951809937e+01
1.772445510897820142e+01
1.606078784243149826e+01
7.678464307138569644e+00
1.407718456308739974e+01
2.188362327534489893e+01
2.041191761647669978e+01
2.533893221355729963e+01
1.330933813237349916e+01
8.382323535292940164e+00
1.772445510897820142e+01
2.533893221355729963e+01
1.010997800439909966e+01
1.266946610677860008e+01
1.247750449910020087e+01
9.662067586482699255e+00
1.407718456308739974e+01
2.041191761647669978e+01
1.330933813237349916e+01
2.041191761647669978e+01
1.330933813237349916e+01
1.023795240951809937e+01
1.177364527094579927e+01
1.119776044791039915e+01
1.119776044791039915e+01
2.533893221355729963e+01
6.654669066186760240e+00
2.041191761647669978e+01
9.790041991601679428e+00
1.132573485302940064e+01
1.798040391921620085e+01
8.446310737852430250e+00
1.330933813237349916e+01
1.420515896820639945e+01
1.420515896820639945e+01
1.132573485302940064e+01
1.330933813237349916e+01
2.533893221355729963e+01
1.772445510897820142e+01
2.815436912617479859e+00
2.533893221355729963e+01
1.132573485302940064e+01
1.209358128374319996e+01
1.298940211957610025e+01
2.188362327534489893e+01
2.188362327534489893e+01
1.407718456308739974e+01
8.446310737852430250e+00
1.330933813237349916e+01
1.247750449910020087e+01
2.041191761647669978e+01
2.188362327534489893e+01
2.533893221355729963e+01
7.806438712257549817e+00
1.606078784243149826e+01
2.533893221355729963e+01
1.132573485302940064e+01
1.420515896820639945e+01
1.266946610677860008e+01
1.132573485302940064e+01
1.330933813237349916e+01
9.278144371125769396e+00
9.662067586482699255e+00
6.654669066186760240e+00
1.561287742451509963e+01
8.062387522495500392e+00
1.000000000000000000e+01
