1.000000000000000000e+03
1.004004004004004059e+03
1.008008008008008005e+03
1.012012012012012065e+03
1.016016016016016010e+03
1.020020020020020070e+03
1.024024024024024129e+03
1.028028028028028075e+03
1.032032032032032021e+03
1.036036036036035966e+03
1.040040040040040140e+03
1.044044044044044085e+03
1.048048048048048031e+03
1.052052052052051977e+03
1.056056056056056150e+03
1.060060060060060096e+03
1.064064064064064041e+03
1.068068068068067987e+03
1.072072072072072160e+03
1.076076076076076106e+03
1.080080080080080052e+03
1.084084084084083997e+03
1.088088088088088170e+03
1.092092092092092116e+03
1.096096096096096062e+03
1.100100100100100008e+03
1.104104104104104181e+03
1.108108108108108127e+03
1.112112112112112072e+03
1.116116116116116245e+03
1.120120120120120191e+03
1.124124124124124137e+03
1.128128128128128083e+03
1.132132132132132028e+03
1.136136136136136201e+03
1.140140140140140147e+03
1.144144144144144093e+03
1.148148148148148266e+03
1.152152152152152212e+03
1.156156156156156158e+03
1.160160160160160103e+03
1.164164164164164276e+03
1.168168168168168222e+03
1.172172172172172168e+03
1.176176176176176114e+03
1.180180180180180287e+03
1.184184184184184232e+03
1.188188188188188178e+03
1.192192192192192124e+03
1.196196196196196297e+03
1.200200200200200243e+03
1.204204204204204188e+03
1.208208208208208134e+03
1.212212212212212307e+03
1.216216216216216253e+03
1.220220220220220199e+03
1.224224224224224145e+03
1.228228228228228318e+03
1.232232232232232263e+03
1.236236236236236209e+03
1.240240240240240382e+03
1.244244244244244328e+03
1.248248248248248274e+03
1.252252252252252219e+03
1.256256256256256165e+03
1.260260260260260338e+03
1.264264264264264284e+03
1.268268268268268230e+03
1.272272272272272403e+03
1.276276276276276349e+03
1.280280280280280294e+03
1.284284284284284240e+03
1.288288288288288186e+03
1.292292292292292359e+03
1.296296296296296305e+03
1.300300300300300250e+03
1.304304304304304424e+03
1.308308308308308369e+03
1.312312312312312315e+03
1.316316316316316261e+03
1.320320320320320207e+03
1.324324324324324380e+03
1.328328328328328325e+03
1.332332332332332498e+03
1.336336336336336444e+03
1.340340340340340390e+03
1.344344344344344336e+03
1.348348348348348281e+03
1.352352352352352455e+03
1.356356356356356400e+03
1.360360360360360346e+03
1.364364364364364519e+03
1.368368368368368465e+03
1.372372372372372411e+03
1.376376376376376356e+03
1.380380380380380302e+03
1.384384384384384475e+03
1.388388388388388421e+03
1.392392392392392367e+03
1.396396396396396540e+03
1.400400400400400486e+03
1.404404404404404431e+03
1.408408408408408377e+03
1.412412412412412323e+03
1.416416416416416496e+03
1.420420420420420442e+03
1.424424424424424387e+03
1.428428428428428560e+03
1.432432432432432506e+03
1.436436436436436452e+03
1.440440440440440398e+03
1.444444444444444343e+03
1.448448448448448517e+03
1.452452452452452462e+03
1.456456456456456635e+03
1.460460460460460581e+03
1.464464464464464527e+03
1.468468468468468473e+03
1.472472472472472418e+03
1.476476476476476591e+03
1.480480480480480537e+03
1.484484484484484483e+03
1.488488488488488656e+03
1.492492492492492602e+03
1.496496496496496547e+03
1.500500500500500493e+03
1.504504504504504439e+03
1.508508508508508612e+03
1.512512512512512558e+03
1.516516516516516731e+03
1.520520520520520677e+03
1.524524524524524622e+03
1.528528528528528568e+03
1.532532532532532514e+03
1.536536536536536460e+03
1.540540540540540633e+03
1.544544544544544578e+03
1.548548548548548752e+03
1.552552552552552697e+03
1.556556556556556643e+03
1.560560560560560589e+03
1.564564564564564535e+03
1.568568568568568480e+03
1.572572572572572653e+03
1.576576576576576599e+03
1.580580580580580772e+03
1.584584584584584718e+03
1.588588588588588664e+03
1.592592592592592609e+03
1.596596596596596555e+03
1.600600600600600501e+03
1.604604604604604674e+03
1.608608608608608620e+03
1.612612612612612793e+03
1.616616616616616739e+03
1.620620620620620684e+03
1.624624624624624630e+03
1.628628628628628576e+03
1.632632632632632522e+03
1.636636636636636695e+03
1.640640640640640640e+03
1.644644644644644814e+03
1.648648648648648759e+03
1.652652652652652705e+03
1.656656656656656651e+03
1.660660660660660596e+03
1.664664664664664770e+03
1.668668668668668715e+03
1.672672672672672888e+03
1.676676676676676834e+03
1.680680680680680780e+03
1.684684684684684726e+03
1.688688688688688671e+03
1.692692692692692617e+03
1.696696696696696790e+03
1.700700700700700736e+03
1.704704704704704909e+03
1.708708708708708855e+03
1.712712712712712801e+03
1.716716716716716746e+03
1.720720720720720692e+03
1.724724724724724638e+03
1.728728728728728811e+03
1.732732732732732757e+03
1.736736736736736930e+03
1.740740740740740875e+03
1.744744744744744821e+03
1.748748748748748767e+03
1.752752752752752713e+03
1.756756756756756658e+03
1.760760760760760832e+03
1.764764764764764777e+03
1.768768768768768950e+03
1.772772772772772896e+03
1.776776776776776842e+03
1.780780780780780788e+03
1.784784784784784733e+03
1.788788788788788906e+03
1.792792792792792852e+03
1.796796796796797025e+03
1.800800800800800971e+03
1.804804804804804917e+03
1.808808808808808863e+03
1.812812812812812808e+03
1.816816816816816754e+03
1.820820820820820927e+03
1.824824824824824873e+03
1.828828828828829046e+03
1.832832832832832992e+03
1.836836836836836937e+03
1.840840840840840883e+03
1.844844844844844829e+03
1.848848848848848775e+03
1.852852852852852948e+03
1.856856856856856894e+03
1.860860860860861067e+03
1.864864864864865012e+03
1.868868868868868958e+03
1.872872872872872904e+03
1.876876876876876850e+03
1.880880880880880795e+03
1.884884884884884968e+03
1.888888888888888914e+03
1.892892892892893087e+03
1.896896896896897033e+03
1.900900900900900979e+03
1.904904904904904924e+03
1.908908908908908870e+03
1.912912912912913043e+03
1.916916916916916989e+03
1.920920920920921162e+03
1.924924924924925108e+03
1.928928928928929054e+03
1.932932932932932999e+03
1.936936936936936945e+03
1.940940940940940891e+03
1.944944944944945064e+03
1.948948948948949010e+03
1.952952952952953183e+03
1.956956956956957129e+03
1.960960960960961074e+03
1.964964964964965020e+03
1.968968968968968966e+03
1.972972972972972912e+03
1.976976976976977085e+03
1.980980980980981030e+03
1.984984984984985203e+03
1.988988988988989149e+03
1.992992992992993095e+03
1.996996996996997041e+03
2.001001001001000986e+03
2.005005005005004932e+03
2.009009009009009105e+03
2.013013013013013051e+03
2.017017017017017224e+03
2.021021021021021170e+03
2.025025025025025116e+03
2.029029029029029061e+03
2.033033033033033234e+03
2.037037037037037180e+03
2.041041041041041126e+03
2.045045045045045072e+03
2.049049049049049245e+03
2.053053053053053191e+03
2.057057057057057136e+03
2.061061061061061082e+03
2.065065065065065028e+03
2.069069069069068973e+03
2.073073073073072919e+03
2.077077077077076865e+03
2.081081081081081265e+03
2.085085085085085211e+03
2.089089089089089157e+03
2.093093093093093103e+03
2.097097097097097503e+03
2.101101101101101449e+03
2.105105105105105395e+03
2.109109109109109340e+03
2.113113113113113286e+03
2.117117117117117232e+03
2.121121121121121178e+03
2.125125125125125123e+03
2.129129129129129069e+03
2.133133133133133015e+03
2.137137137137136961e+03
2.141141141141140906e+03
2.145145145145145307e+03
2.149149149149149252e+03
2.153153153153153198e+03
2.157157157157157599e+03
2.161161161161161544e+03
2.165165165165165490e+03
2.169169169169169436e+03
2.173173173173173382e+03
2.177177177177177327e+03
2.181181181181181273e+03
2.185185185185185219e+03
2.189189189189189165e+03
2.193193193193193110e+03
2.197197197197197056e+03
2.201201201201201002e+03
2.205205205205205402e+03
2.209209209209209348e+03
2.213213213213213294e+03
2.217217217217217240e+03
2.221221221221221640e+03
2.225225225225225586e+03
2.229229229229229531e+03
2.233233233233233477e+03
2.237237237237237423e+03
2.241241241241241369e+03
2.245245245245245314e+03
2.249249249249249260e+03
2.253253253253253206e+03
2.257257257257257152e+03
2.261261261261261097e+03
2.265265265265265043e+03
2.269269269269269444e+03
2.273273273273273389e+03
2.277277277277277335e+03
2.281281281281281281e+03
2.285285285285285681e+03
2.289289289289289627e+03
2.293293293293293573e+03
2.297297297297297519e+03
2.301301301301301464e+03
2.305305305305305410e+03
2.309309309309309356e+03
2.313313313313313301e+03
2.317317317317317247e+03
2.321321321321321193e+03
2.325325325325325139e+03
2.329329329329329539e+03
2.333333333333333485e+03
2.337337337337337431e+03
2.341341341341341376e+03
2.345345345345345777e+03
2.349349349349349723e+03
2.353353353353353668e+03
2.357357357357357614e+03
2.361361361361361560e+03
2.365365365365365506e+03
2.369369369369369451e+03
2.373373373373373397e+03
2.377377377377377343e+03
2.381381381381381289e+03
2.385385385385385234e+03
2.389389389389389180e+03
2.393393393393393580e+03
2.397397397397397526e+03
2.401401401401401472e+03
2.405405405405405418e+03
2.409409409409409818e+03
2.413413413413413764e+03
2.417417417417417710e+03
2.421421421421421655e+03
2.425425425425425601e+03
2.429429429429429547e+03
2.433433433433433493e+03
2.437437437437437438e+03
2.441441441441441384e+03
2.445445445445445330e+03
2.449449449449449276e+03
2.453453453453453676e+03
2.457457457457457622e+03
2.461461461461461568e+03
2.465465465465465513e+03
2.469469469469469914e+03
2.473473473473473859e+03
2.477477477477477805e+03
2.481481481481481751e+03
2.485485485485485697e+03
2.489489489489489642e+03
2.493493493493493588e+03
2.497497497497497534e+03
2.501501501501501480e+03
2.505505505505505425e+03
2.509509509509509371e+03
2.513513513513513317e+03
2.517517517517517717e+03
2.521521521521521663e+03
2.525525525525525609e+03
2.529529529529529555e+03
2.533533533533533955e+03
2.537537537537537901e+03
2.541541541541541847e+03
2.545545545545545792e+03
2.549549549549549738e+03
2.553553553553553684e+03
2.557557557557557629e+03
2.561561561561561575e+03
2.565565565565565521e+03
2.569569569569569467e+03
2.573573573573573412e+03
2.577577577577577813e+03
2.581581581581581759e+03
2.585585585585585704e+03
2.589589589589589650e+03
2.593593593593594051e+03
2.597597597597597996e+03
2.601601601601601942e+03
2.605605605605605888e+03
2.609609609609609834e+03
2.613613613613613779e+03
2.617617617617617725e+03
2.621621621621621671e+03
2.625625625625625617e+03
2.629629629629629562e+03
2.633633633633633508e+03
2.637637637637637454e+03
2.641641641641641854e+03
2.645645645645645800e+03
2.649649649649649746e+03
2.653653653653653691e+03
2.657657657657658092e+03
2.661661661661662038e+03
2.665665665665665983e+03
2.669669669669669929e+03
2.673673673673673875e+03
2.677677677677677821e+03
2.681681681681681766e+03
2.685685685685685712e+03
2.689689689689689658e+03
2.693693693693693604e+03
2.697697697697697549e+03
2.701701701701701950e+03
2.705705705705705896e+03
2.709709709709709841e+03
2.713713713713713787e+03
2.717717717717718187e+03
2.721721721721722133e+03
2.725725725725726079e+03
2.729729729729730025e+03
2.733733733733733970e+03
2.737737737737737916e+03
2.741741741741741862e+03
2.745745745745745808e+03
2.749749749749749753e+03
2.753753753753753699e+03
2.757757757757757645e+03
2.761761761761761591e+03
2.765765765765765991e+03
2.769769769769769937e+03
2.773773773773773883e+03
2.777777777777777828e+03
2.781781781781782229e+03
2.785785785785786175e+03
2.789789789789790120e+03
2.793793793793794066e+03
2.797797797797798012e+03
2.801801801801801957e+03
2.805805805805805903e+03
2.809809809809809849e+03
2.813813813813813795e+03
2.817817817817817740e+03
2.821821821821821686e+03
2.825825825825826087e+03
2.829829829829830032e+03
2.833833833833833978e+03
2.837837837837837924e+03
2.841841841841842324e+03
2.845845845845846270e+03
2.849849849849850216e+03
2.853853853853854162e+03
2.857857857857858107e+03
2.861861861861862053e+03
2.865865865865865999e+03
2.869869869869869945e+03
2.873873873873873890e+03
2.877877877877877836e+03
2.881881881881881782e+03
2.885885885885885727e+03
2.889889889889890128e+03
2.893893893893894074e+03
2.897897897897898019e+03
2.901901901901901965e+03
2.905905905905906366e+03
2.909909909909910311e+03
2.913913913913914257e+03
2.917917917917918203e+03
2.921921921921922149e+03
2.925925925925926094e+03
2.929929929929930040e+03
2.933933933933933986e+03
2.937937937937937932e+03
2.941941941941941877e+03
2.945945945945945823e+03
2.949949949949950224e+03
2.953953953953954169e+03
2.957957957957958115e+03
2.961961961961962061e+03
2.965965965965966461e+03
2.969969969969970407e+03
2.973973973973974353e+03
2.977977977977978298e+03
2.981981981981982244e+03
2.985985985985986190e+03
2.989989989989990136e+03
2.993993993993994081e+03
2.997997997997998027e+03
3.002002002002001973e+03
3.006006006006005919e+03
3.010010010010009864e+03
3.014014014014014265e+03
3.018018018018018211e+03
3.022022022022022156e+03
3.026026026026026102e+03
3.030030030030030503e+03
3.034034034034034448e+03
3.038038038038038394e+03
3.042042042042042340e+03
3.046046046046046285e+03
3.050050050050050231e+03
3.054054054054054177e+03
3.058058058058058123e+03
3.062062062062062068e+03
3.066066066066066469e+03
3.070070070070070415e+03
3.074074074074074360e+03
3.078078078078078306e+03
3.082082082082082252e+03
3.086086086086086198e+03
3.090090090090090143e+03
3.094094094094094089e+03
3.098098098098098490e+03
3.102102102102102435e+03
3.106106106106106381e+03
3.110110110110110327e+03
3.114114114114114273e+03
3.118118118118118218e+03
3.122122122122122164e+03
3.126126126126126110e+03
3.130130130130130510e+03
3.134134134134134456e+03
3.138138138138138402e+03
3.142142142142142347e+03
3.146146146146146293e+03
3.150150150150150239e+03
3.154154154154154185e+03
3.158158158158158130e+03
3.162162162162162531e+03
3.166166166166166477e+03
3.170170170170170422e+03
3.174174174174174368e+03
3.178178178178178314e+03
3.182182182182182260e+03
3.186186186186186205e+03
3.190190190190190606e+03
3.194194194194194552e+03
3.198198198198198497e+03
3.202202202202202443e+03
3.206206206206206389e+03
3.210210210210210334e+03
3.214214214214214280e+03
3.218218218218218226e+03
3.222222222222222626e+03
3.226226226226226572e+03
3.230230230230230518e+03
3.234234234234234464e+03
3.238238238238238409e+03
3.242242242242242355e+03
3.246246246246246301e+03
3.250250250250250247e+03
3.254254254254254647e+03
3.258258258258258593e+03
3.262262262262262539e+03
3.266266266266266484e+03
3.270270270270270430e+03
3.274274274274274376e+03
3.278278278278278322e+03
3.282282282282282267e+03
3.286286286286286668e+03
3.290290290290290613e+03
3.294294294294294559e+03
3.298298298298298505e+03
3.302302302302302451e+03
3.306306306306306396e+03
3.310310310310310342e+03
3.314314314314314743e+03
3.318318318318318688e+03
3.322322322322322634e+03
3.326326326326326580e+03
3.330330330330330526e+03
3.334334334334334471e+03
3.338338338338338417e+03
3.342342342342342363e+03
3.346346346346346763e+03
3.350350350350350709e+03
3.354354354354354655e+03
3.358358358358358601e+03
3.362362362362362546e+03
3.366366366366366492e+03
3.370370370370370438e+03
3.374374374374374383e+03
3.378378378378378784e+03
3.382382382382382730e+03
3.386386386386386675e+03
3.390390390390390621e+03
3.394394394394394567e+03
3.398398398398398513e+03
3.402402402402402458e+03
3.406406406406406404e+03
3.410410410410410805e+03
3.414414414414414750e+03
3.418418418418418696e+03
3.422422422422422642e+03
3.426426426426426588e+03
3.430430430430430533e+03
3.434434434434434479e+03
3.438438438438438880e+03
3.442442442442442825e+03
3.446446446446446771e+03
3.450450450450450717e+03
3.454454454454454662e+03
3.458458458458458608e+03
3.462462462462462554e+03
3.466466466466466500e+03
3.470470470470470900e+03
3.474474474474474846e+03
3.478478478478478792e+03
3.482482482482482737e+03
3.486486486486486683e+03
3.490490490490490629e+03
3.494494494494494575e+03
3.498498498498498520e+03
3.502502502502502921e+03
3.506506506506506867e+03
3.510510510510510812e+03
3.514514514514514758e+03
3.518518518518518704e+03
3.522522522522522650e+03
3.526526526526526595e+03
3.530530530530530541e+03
3.534534534534534941e+03
3.538538538538538887e+03
3.542542542542542833e+03
3.546546546546546779e+03
3.550550550550550724e+03
3.554554554554554670e+03
3.558558558558558616e+03
3.562562562562562562e+03
3.566566566566566962e+03
3.570570570570570908e+03
3.574574574574574854e+03
3.578578578578578799e+03
3.582582582582582745e+03
3.586586586586586691e+03
3.590590590590590637e+03
3.594594594594595037e+03
3.598598598598598983e+03
3.602602602602602929e+03
3.606606606606606874e+03
3.610610610610610820e+03
3.614614614614614766e+03
3.618618618618618711e+03
3.622622622622622657e+03
3.626626626626627058e+03
3.630630630630631003e+03
3.634634634634634949e+03
3.638638638638638895e+03
3.642642642642642841e+03
3.646646646646646786e+03
3.650650650650650732e+03
3.654654654654654678e+03
3.658658658658659078e+03
3.662662662662663024e+03
3.666666666666666970e+03
3.670670670670670916e+03
3.674674674674674861e+03
3.678678678678678807e+03
3.682682682682682753e+03
3.686686686686686699e+03
3.690690690690691099e+03
3.694694694694695045e+03
3.698698698698698990e+03
3.702702702702702936e+03
3.706706706706706882e+03
3.710710710710710828e+03
3.714714714714714773e+03
3.718718718718719174e+03
3.722722722722723120e+03
3.726726726726727065e+03
3.730730730730731011e+03
3.734734734734734957e+03
3.738738738738738903e+03
3.742742742742742848e+03
3.746746746746746794e+03
3.750750750750751195e+03
3.754754754754755140e+03
3.758758758758759086e+03
3.762762762762763032e+03
3.766766766766766978e+03
3.770770770770770923e+03
3.774774774774774869e+03
3.778778778778778815e+03
3.782782782782783215e+03
3.786786786786787161e+03
3.790790790790791107e+03
3.794794794794795052e+03
3.798798798798798998e+03
3.802802802802802944e+03
3.806806806806806890e+03
3.810810810810810835e+03
3.814814814814815236e+03
3.818818818818819182e+03
3.822822822822823127e+03
3.826826826826827073e+03
3.830830830830831019e+03
3.834834834834834965e+03
3.838838838838838910e+03
3.842842842842843311e+03
3.846846846846847257e+03
3.850850850850851202e+03
3.854854854854855148e+03
3.858858858858859094e+03
3.862862862862863039e+03
3.866866866866866985e+03
3.870870870870870931e+03
3.874874874874875331e+03
3.878878878878879277e+03
3.882882882882883223e+03
3.886886886886887169e+03
3.890890890890891114e+03
3.894894894894895060e+03
3.898898898898899006e+03
3.902902902902902952e+03
3.906906906906907352e+03
3.910910910910911298e+03
3.914914914914915244e+03
3.918918918918919189e+03
3.922922922922923135e+03
3.926926926926927081e+03
3.930930930930931027e+03
3.934934934934934972e+03
3.938938938938939373e+03
3.942942942942943318e+03
3.946946946946947264e+03
3.950950950950951210e+03
3.954954954954955156e+03
3.958958958958959101e+03
3.962962962962963047e+03
3.966966966966967448e+03
3.970970970970971393e+03
3.974974974974975339e+03
3.978978978978979285e+03
3.982982982982983231e+03
3.986986986986987176e+03
3.990990990990991122e+03
3.994994994994995068e+03
3.998998998998999468e+03
4.003003003003003414e+03
4.007007007007007360e+03
4.011011011011011306e+03
4.015015015015015251e+03
4.019019019019019197e+03
4.023023023023023143e+03
4.027027027027027088e+03
4.031031031031031489e+03
4.035035035035035435e+03
4.039039039039039380e+03
4.043043043043043326e+03
4.047047047047047272e+03
4.051051051051051218e+03
4.055055055055055163e+03
4.059059059059059109e+03
4.063063063063063510e+03
4.067067067067067455e+03
4.071071071071071401e+03
4.075075075075075347e+03
4.079079079079079293e+03
4.083083083083083238e+03
4.087087087087087184e+03
4.091091091091091585e+03
4.095095095095095530e+03
4.099099099099099476e+03
4.103103103103103422e+03
4.107107107107107367e+03
4.111111111111111313e+03
4.115115115115115259e+03
4.119119119119119205e+03
4.123123123123123150e+03
4.127127127127127096e+03
4.131131131131131042e+03
4.135135135135134988e+03
4.139139139139138933e+03
4.143143143143142879e+03
4.147147147147146825e+03
4.151151151151150771e+03
4.155155155155155626e+03
4.159159159159159572e+03
4.163163163163163517e+03
4.167167167167167463e+03
4.171171171171171409e+03
4.175175175175175355e+03
4.179179179179179300e+03
4.183183183183183246e+03
4.187187187187188101e+03
4.191191191191192047e+03
4.195195195195195993e+03
4.199199199199199938e+03
4.203203203203203884e+03
4.207207207207207830e+03
4.211211211211211776e+03
4.215215215215215721e+03
4.219219219219219667e+03
4.223223223223223613e+03
4.227227227227227559e+03
4.231231231231231504e+03
4.235235235235235450e+03
4.239239239239239396e+03
4.243243243243243342e+03
4.247247247247247287e+03
4.251251251251251233e+03
4.255255255255255179e+03
4.259259259259259125e+03
4.263263263263263070e+03
4.267267267267267016e+03
4.271271271271270962e+03
4.275275275275274907e+03
4.279279279279279763e+03
4.283283283283283708e+03
4.287287287287287654e+03
4.291291291291291600e+03
4.295295295295295546e+03
4.299299299299299491e+03
4.303303303303303437e+03
4.307307307307307383e+03
4.311311311311312238e+03
4.315315315315316184e+03
4.319319319319320130e+03
4.323323323323324075e+03
4.327327327327328021e+03
4.331331331331331967e+03
4.335335335335335913e+03
4.339339339339339858e+03
4.343343343343343804e+03
4.347347347347347750e+03
4.351351351351351695e+03
4.355355355355355641e+03
4.359359359359359587e+03
4.363363363363363533e+03
4.367367367367367478e+03
4.371371371371371424e+03
4.375375375375375370e+03
4.379379379379379316e+03
4.383383383383383261e+03
4.387387387387387207e+03
4.391391391391391153e+03
4.395395395395395099e+03
4.399399399399399044e+03
4.403403403403403900e+03
4.407407407407407845e+03
4.411411411411411791e+03
4.415415415415415737e+03
4.419419419419419683e+03
4.423423423423423628e+03
4.427427427427427574e+03
4.431431431431431520e+03
4.435435435435436375e+03
4.439439439439440321e+03
4.443443443443444266e+03
4.447447447447448212e+03
4.451451451451452158e+03
4.455455455455456104e+03
4.459459459459460049e+03
4.463463463463463995e+03
4.467467467467467941e+03
4.471471471471471887e+03
4.475475475475475832e+03
4.479479479479479778e+03
4.483483483483483724e+03
4.487487487487487670e+03
4.491491491491491615e+03
4.495495495495495561e+03
4.499499499499499507e+03
4.503503503503503453e+03
4.507507507507507398e+03
4.511511511511511344e+03
4.515515515515515290e+03
4.519519519519519235e+03
4.523523523523523181e+03
4.527527527527528036e+03
4.531531531531531982e+03
4.535535535535535928e+03
4.539539539539539874e+03
4.543543543543543819e+03
4.547547547547547765e+03
4.551551551551551711e+03
4.555555555555555657e+03
4.559559559559560512e+03
4.563563563563564458e+03
4.567567567567568403e+03
4.571571571571572349e+03
4.575575575575576295e+03
4.579579579579580241e+03
4.583583583583584186e+03
4.587587587587588132e+03
4.591591591591592078e+03
4.595595595595596023e+03
4.599599599599599969e+03
4.603603603603603915e+03
4.607607607607607861e+03
4.611611611611611806e+03
4.615615615615615752e+03
4.619619619619619698e+03
4.623623623623623644e+03
4.627627627627627589e+03
4.631631631631631535e+03
4.635635635635635481e+03
4.639639639639639427e+03
4.643643643643643372e+03
4.647647647647647318e+03
4.651651651651652173e+03
4.655655655655656119e+03
4.659659659659660065e+03
4.663663663663664011e+03
4.667667667667667956e+03
4.671671671671671902e+03
4.675675675675675848e+03
4.679679679679679793e+03
4.683683683683684649e+03
4.687687687687688594e+03
4.691691691691692540e+03
4.695695695695696486e+03
4.699699699699700432e+03
4.703703703703704377e+03
4.707707707707708323e+03
4.711711711711712269e+03
4.715715715715716215e+03
4.719719719719720160e+03
4.723723723723724106e+03
4.727727727727728052e+03
4.731731731731731998e+03
4.735735735735735943e+03
4.739739739739739889e+03
4.743743743743743835e+03
4.747747747747747781e+03
4.751751751751751726e+03
4.755755755755755672e+03
4.759759759759759618e+03
4.763763763763763563e+03
4.767767767767767509e+03
4.771771771771771455e+03
4.775775775775776310e+03
4.779779779779780256e+03
4.783783783783784202e+03
4.787787787787788147e+03
4.791791791791792093e+03
4.795795795795796039e+03
4.799799799799799985e+03
4.803803803803803930e+03
4.807807807807808786e+03
4.811811811811812731e+03
4.815815815815816677e+03
4.819819819819820623e+03
4.823823823823824569e+03
4.827827827827828514e+03
4.831831831831832460e+03
4.835835835835836406e+03
4.839839839839840351e+03
4.843843843843844297e+03
4.847847847847848243e+03
4.851851851851852189e+03
4.855855855855856134e+03
4.859859859859860080e+03
4.863863863863864026e+03
4.867867867867867972e+03
4.871871871871871917e+03
4.875875875875875863e+03
4.879879879879879809e+03
4.883883883883883755e+03
4.887887887887887700e+03
4.891891891891891646e+03
4.895895895895895592e+03
4.899899899899900447e+03
4.903903903903904393e+03
4.907907907907908339e+03
4.911911911911912284e+03
4.915915915915916230e+03
4.919919919919920176e+03
4.923923923923924121e+03
4.927927927927928067e+03
4.931931931931932922e+03
4.935935935935936868e+03
4.939939939939940814e+03
4.943943943943944760e+03
4.947947947947948705e+03
4.951951951951952651e+03
4.955955955955956597e+03
4.959959959959960543e+03
4.963963963963964488e+03
4.967967967967968434e+03
4.971971971971972380e+03
4.975975975975976326e+03
4.979979979979980271e+03
4.983983983983984217e+03
4.987987987987988163e+03
4.991991991991992109e+03
4.995995995995996054e+03
5.000000000000000000e+03
